<?xml version="1.0" encoding="UTF-8" standalone="no"?>
<!-- Created with Inkscape (http://www.inkscape.org/) -->

<svg
   xmlns:dc="http://purl.org/dc/elements/1.1/"
   xmlns:cc="http://creativecommons.org/ns#"
   xmlns:rdf="http://www.w3.org/1999/02/22-rdf-syntax-ns#"
   xmlns:svg="http://www.w3.org/2000/svg"
   xmlns="http://www.w3.org/2000/svg"
   xmlns:sodipodi="http://sodipodi.sourceforge.net/DTD/sodipodi-0.dtd"
   xmlns:inkscape="http://www.inkscape.org/namespaces/inkscape"
   version="1.1"
   id="svg3772"
   width="31"
   height="45"
   viewBox="0 0 31 45"
   sodipodi:docname="MapIcon_1_Cart_SVG.svg"
   inkscape:version="0.92.4 (5da689c313, 2019-01-14)">
  <metadata
     id="metadata3778">
    <rdf:RDF>
      <cc:Work
         rdf:about="">
        <dc:format>image/svg+xml</dc:format>
        <dc:type
           rdf:resource="http://purl.org/dc/dcmitype/StillImage" />
        <dc:title></dc:title>
      </cc:Work>
    </rdf:RDF>
  </metadata>
  <defs
     id="defs3776" />
  <sodipodi:namedview
     pagecolor="#ffffff"
     bordercolor="#666666"
     borderopacity="1"
     objecttolerance="10"
     gridtolerance="10"
     guidetolerance="10"
     inkscape:pageopacity="0"
     inkscape:pageshadow="2"
     inkscape:window-width="1920"
     inkscape:window-height="1017"
     id="namedview3774"
     showgrid="false"
     inkscape:zoom="3.6875"
     inkscape:cx="8.6961446"
     inkscape:cy="73.954839"
     inkscape:window-x="-8"
     inkscape:window-y="-8"
     inkscape:window-maximized="1"
     inkscape:current-layer="svg3772" />
  <path
     style="fill:#000000;stroke-width:0.06509726"
     d="m 11.637741,36.4609 -3.8293489,-7.95814 -0.36692,-0.22418 c -0.635394,-0.3882 -1.597872,-1.1466 -2.28839,-1.80316 -2.0295881,-1.9298 -3.478754,-4.36557 -4.17407804,-7.01583 -0.390719,-1.48925 -0.47900403,-2.20412 -0.47900403,-3.87864 0,-1.67453 0.08829,-2.38939 0.47900403,-3.87864 C 2.331067,6.54887 6.4679161,2.41202 11.621364,1.05996 13.110605,0.66924 13.82548,0.58095 15.5,0.58095 c 1.674519,0 2.389395,0.0883 3.878636,0.47901 5.153446,1.35206 9.290297,5.4889 10.642358,10.64235 0.390719,1.48925 0.479006,2.20412 0.479006,3.87864 0,1.67453 -0.08829,2.38939 -0.479006,3.87864 -0.695323,2.65026 -2.144488,5.08603 -4.17408,7.01583 -0.690517,0.65656 -1.652992,1.41496 -2.288386,1.80316 l -0.366921,0.22418 -3.829349,7.95814 c -2.106142,4.37697 -3.844157,7.95815 -3.862258,7.95815 -0.01811,0 -1.756117,-3.58118 -3.862259,-7.95815 z m 5.97792,-8.01878 c 1.350428,-0.24248 2.266376,-0.5367 3.469769,-1.1146 1.487461,-0.71428 2.587582,-1.5037 3.72784,-2.67498 1.090517,-1.12018 1.752761,-2.06896 2.433309,-3.48616 0.580052,-1.20792 0.866467,-2.10117 1.122981,-3.50232 0.160085,-0.87439 0.160085,-3.29182 0,-4.16622 C 28.113046,12.09669 27.826631,11.20344 27.246579,9.99552 26.566031,8.57832 25.903787,7.62954 24.81327,6.50936 23.673012,5.33808 22.572891,4.54866 21.08543,3.83438 19.877513,3.25433 18.984257,2.9679 17.583113,2.71139 16.708709,2.55131 14.29129,2.55131 13.416887,2.71139 12.015743,2.9679 11.122487,3.25433 9.91457,3.83438 8.4271051,4.54866 7.3269881,5.33808 6.1867281,6.50936 5.0962111,7.62954 4.4339671,8.57832 3.75342,9.99552 c -0.580051,1.20792 -0.866466,2.10117 -1.122982,3.50232 -0.160085,0.8744 -0.160085,3.29183 0,4.16622 0.256516,1.40115 0.542931,2.2944 1.122982,3.50232 0.6805471,1.4172 1.3427911,2.36598 2.4333081,3.48616 2.114205,2.17174 4.8039279,3.50666 7.8160329,3.87915 0.723833,0.0896 2.918559,0.0351 3.6129,-0.0896 z M 8.8146391,23.97576 c -0.436307,-0.17281 -0.956193,-0.64237 -1.178424,-1.06435 -0.154453,-0.29328 -0.175104,-0.40544 -0.175104,-0.95093 0,-0.54549 0.02065,-0.65763 0.175104,-0.95091 0.230942,-0.43852 0.747717,-0.89523 1.210736,-1.07002 0.7705599,-0.29088 1.7838089,-0.0247 2.3285069,0.61161 0.660459,0.7716 0.660459,2.04705 0,2.81865 -0.12231,0.14295 -0.406941,0.35816 -0.632528,0.47841 -0.536183,0.28578 -1.2043239,0.33508 -1.7282899,0.1275 z m 1.3164299,-1.36579 c 0.358007,-0.33633 0.35879,-0.96189 0.0016,-1.29743 -0.21409,-0.20113 -0.7146129,-0.25458 -1.0003439,-0.1068 -0.537651,0.27803 -0.554527,1.20575 -0.02734,1.50287 0.266094,0.15 0.8179049,0.0969 1.0260599,-0.0986 z m 10.655153,1.37937 c -0.915477,-0.3267 -1.506344,-1.23234 -1.429401,-2.19087 0.06124,-0.76307 0.519148,-1.43327 1.211554,-1.77329 0.313835,-0.15412 0.447723,-0.18036 0.920574,-0.18036 0.47285,0 0.60674,0.0263 0.920573,0.18036 0.428914,0.21063 0.855712,0.64707 1.053784,1.0776 0.218399,0.47471 0.200484,1.29053 -0.03905,1.77828 -0.212346,0.43239 -0.651507,0.85979 -1.077613,1.04871 -0.431226,0.19119 -1.118111,0.21741 -1.560426,0.0596 z M 21.8328,22.78319 c 0.313817,-0.13275 0.452588,-0.32705 0.486603,-0.68106 0.05344,-0.55625 -0.285883,-0.94056 -0.830454,-0.94056 -0.544572,0 -0.883902,0.38431 -0.830453,0.94056 0.0575,0.59841 0.611053,0.91945 1.174304,0.68106 z m -9.550465,-0.0788 c -0.148095,-0.14805 -0.148095,-1.40493 0,-1.55303 0.09021,-0.0901 0.478224,-0.1023 3.282762,-0.1023 2.804536,0 3.192558,0.012 3.282762,0.1023 0.07983,0.0798 0.1023,0.25038 0.1023,0.77651 0,0.52614 -0.02247,0.69669 -0.1023,0.77652 -0.09021,0.0901 -0.478226,0.1023 -3.282762,0.1023 -2.804538,0 -3.192558,-0.012 -3.282762,-0.1023 z M 9.1361451,19.0965 c -0.116685,-0.0711 -0.27037,-0.22484 -0.341517,-0.34152 -0.12627,-0.20711 -0.12936,-0.33839 -0.1296,-5.50131 l -2.45e-4,-5.28918 h -0.491187 c -0.434712,0 -0.50956,-0.0183 -0.650971,-0.15977 C 7.3952001,7.67736 7.3628401,7.57842 7.3628401,7.31648 V 6.98804 h 1.231853 1.2318539 l 0.202624,0.17051 c 0.414894,0.3491 0.39324,0.0288 0.39324,5.81558 v 5.27649 l 5.511516,-0.0166 5.511515,-0.0166 0.955579,-3.09213 0.955577,-3.09212 -4.219467,-0.0325 c -4.202334,-0.0324 -4.220034,-0.0332 -4.358607,-0.17172 -0.08594,-0.0859 -0.152132,-0.25446 -0.17312,-0.44065 l -0.03397,-0.30149 4.758923,0.0175 4.758922,0.0175 0.1473,0.1473 c 0.10932,0.10935 0.145845,0.21843 0.141645,0.42314 -0.0062,0.29565 -1.79709,6.92196 -1.951782,7.2211 -0.05091,0.0984 -0.14892,0.20916 -0.217803,0.24603 -0.08346,0.0447 -2.249562,0.0669 -6.492778,0.0668 -6.2389829,-2.1e-4 -6.3718219,-0.003 -6.5797009,-0.1296 z"
     id="path3782"
     inkscape:connector-curvature="0" />
</svg>
